rabbit 0.33993142144638405 0.20677602436323367 0.125 0.16666666666666666
rabbit 0.7950436408977556 0.27986572535991144 0.125 0.16666666666666666
rabbit 0.6716022443890275 0.6270418050941307 0.125 0.16666666666666666
rabbit 0.6591334164588528 0.28318798449612403 0.125 0.16666666666666666
rabbit 0.4122506234413965 0.7100982834994463 0.125 0.16666666666666666
dog 0.22272443890274313 0.2516265227021041 0.125 0.16666666666666666
dog 0.42596633416458857 0.6120916389811739 0.125 0.16666666666666666
cat 0.49454488778054867 0.40278931339977847 0.125 0.16666666666666666
cat 0.4022755610972569 0.5190683831672204 0.125 0.16666666666666666
cat 0.49953241895261846 0.23003183831672203 0.125 0.16666666666666666
cat 0.7152431421446385 0.47754014396456257 0.125 0.16666666666666666
cat 0.6080112219451371 0.7117594130675525 0.125 0.16666666666666666
